HM003,HM008,HM011,HM012,HM013,HM031,HM032,HM038,HM046,HM051,HM052,HM054,HM055,HM056,HM057,HM058,HM063,HM064,HM065,HM068,HM070,HM071,HM081,HM082,HM083,HM085,HM086,HM087,HM088,HM089,HM092,HM093,HM101,HM117,HM118,HM119,HM120,HM121,HM122,HM124,HM125,HM139,HM152,HM154,HM155,HM164,HM168,HM169,HM170,HM172,HM173,HM175,HM176,HM177,HM178,HM179,HM180,HM181,HM189,HM190,HM193,HM201,HM205,HM256,HM259,HM262,HM270,HM271,HM276,HM277,HM288,HM294,HM299,HM304,HM305,HM306,HM307,HM308,HM309,HM311
HM003,1,0.698051611495381,0.755015188625415,0.785766417044061,0.733439249380461,0.808096509238288,0.739033384736239,0.748813058744381,0.713828480297014,0.755171563155491,0.695816123167554,0.765949895584585,0.747992501105723,0.691921811645244,0.801355037064714,0.701339631176777,0.698677450152554,0.719722015667693,0.744412164576292,0.708496626437457,0.716429092255388,0.711071766238058,0.746305481458517,0.697955580098426,0.698010747071145,0.754024907411431,0.759165788195058,0.748905139913659,0.749449045400239,0.802356760317484,0.697333964098424,0.779311063947512,0.701996935440612,0.692140640637027,0.693500881105094,0.794567047554884,0.688297341537638,0.798211405015618,0.812261138926919,0.71421533017978,0.704635278884031,0.790365776099188,0.796136922519281,0.79418939216757,0.790096343328726,0.727914243009016,0.748997561619806,0.790119091191551,0.709442637858519,0.75084756221234,0.75644687372852,0.812530094945765,0.81248010413345,0.806593992466507,0.805390262743264,0.806315569522713,0.7999612196614,0.694607557820777,0.729316982478288,0.795749051025908,0.795314730303654,0.793357392490127,0.739658950963917,0.70027599832129,0.791328610041561,0.783112817548927,0.724926849275249,0.681849752681694,0.742944518779859,0.740727010798697,0.764485382727343,0.697141696982394,0.794512765978024,0.791541718013951,0.794045481286886,0.709637765484246,0.790497904404218,0.755628495525822,0.789435701803579,0.752743875819008
HM008,0.698051611495381,1,0.736929888498694,0.703423308168567,0.707850015031297,0.691230998553536,0.705402576556434,0.70131136661668,0.708181357404477,0.721718242791618,0.831891182397132,0.714599455767598,0.733887395899582,0.695823478763917,0.693522062498323,0.689423088317965,0.68369267010736,0.723893796630565,0.691555734511464,0.684082652929319,0.707227173098568,0.715768655052362,0.729429359644937,0.831953364429344,0.83173855377261,0.722389372852319,0.725726225520677,0.729627688317229,0.728730033131513,0.691520659213995,0.683976950285295,0.693611623694773,0.691731179106183,0.682553642389158,0.685636726983011,0.696375352813223,0.682959562336568,0.691878699677675,0.691272816481004,0.683625516236866,0.684767063927897,0.697205990343192,0.702456387783771,0.698489473801068,0.702273996236931,0.756422150751858,0.732421520894866,0.695543761780022,0.694124812755803,0.694834355375286,0.693844687127665,0.693265161484626,0.691395341646338,0.693356289150672,0.692237285000345,0.695382074874795,0.693840464470494,0.683097888412606,0.685810468893387,0.695078520310096,0.700137195493635,0.696579470612281,0.695372471735099,0.690090608687858,0.694652985439052,0.696867564803144,0.686607801917604,0.691988693086243,0.734354340053851,0.724217442870513,0.686690620484055,0.844529254773203,0.696661471890248,0.696772010157806,0.704123656292597,0.708288217873854,0.696429430067962,0.73407121770127,0.69723119007147,0.727024828815522
HM011,0.755015188625415,0.736929888498694,1,0.748536883343919,0.73374845685718,0.741787306392871,0.734335065667087,0.727077952567028,0.706241999937614,0.776577302073502,0.737014545964236,0.772494605555464,0.786233837949946,0.697475695543149,0.740630366435379,0.698322610735438,0.694719730665304,0.720016648166434,0.722335704241823,0.698858751981414,0.70900988360586,0.713207613478122,0.792184242977687,0.734499272545141,0.736195009936185,0.793742131044308,0.787648155672752,0.788183479630242,0.786831412047023,0.738313762225444,0.694447301170398,0.735040317522025,0.702504880233864,0.69182121705425,0.693526489477615,0.741931353488303,0.691452619947642,0.736371271819389,0.742847329557551,0.70177374757691,0.69779811585037,0.747961580358051,0.752504887044602,0.750926362443742,0.753575943603825,0.780987595059164,0.787838515782317,0.73731598920035,0.710379386676754,0.721043503040109,0.722078258369136,0.741315799044563,0.741028249712689,0.740977714041384,0.741848534921852,0.742083641575956,0.740927518906948,0.693917493910179,0.708597357243199,0.738784724714763,0.748482601767059,0.744917112645101,0.721183463693117,0.700619668129114,0.747319395931184,0.745848140443943,0.707433334118838,0.691038935759627,0.780717004463349,0.787998704325322,0.721529108614779,0.727940396240527,0.746894814563372,0.748070007297024,0.752225238168081,0.70889893669406,0.747263071133112,0.74529102212686,0.746950185858212,0.776861514144063
HM012,0.785766417044061,0.703423308168567,0.748536883343919,1,0.736904212018799,0.780458877516925,0.740762290418287,0.753797633105305,0.723657668365855,0.757638207909745,0.704432591339821,0.766014529482252,0.754614921590024,0.69932051997528,0.781220249847814,0.709927766681573,0.707121879098787,0.732887239116408,0.747606468511441,0.716066965349284,0.723668293116156,0.723875203317537,0.749097679459184,0.703518658491784,0.706756483038744,0.755484244108269,0.760319731428107,0.752446519025318,0.753347307150225,0.781681336767943,0.701475914031604,0.765696331832201,0.711662257168267,0.700220831348571,0.704662930477764,0.77948119616708,0.698635291688217,0.779365073094877,0.785132541716788,0.716872130721479,0.707848380454328,0.787778445078691,0.787844100586963,0.796623209167688,0.802554748452907,0.732231773751663,0.749436104999231,0.768709606367985,0.71083604661759,0.739983686921845,0.744366464528522,0.778267658982021,0.774683167902793,0.779212853114598,0.776613603303698,0.778048625668116,0.769093663848429,0.700245418110486,0.729168848940433,0.782397485802677,0.791598451456265,0.789470572778927,0.746416905121933,0.711038529839679,0.787283236364325,0.800192580409949,0.728180679055035,0.690890666007024,0.746893316201151,0.747660818195675,0.758653280207766,0.707396556137026,0.787586177962661,0.788599547576338,0.785571085096213,0.71670492711898,0.796728843704338,0.762620466619963,0.786320402421953,0.758089555475431
HM013,0.733439249380461,0.707850015031297,0.73374845685718,0.736904212018799,1,0.726457766821874,0.826717746288863,0.735885666244719,0.724103771663764,0.738154595293045,0.703206931042238,0.736493660769976,0.734473527957873,0.741095812227426,0.729981301801617,0.740052066725067,0.725387595658509,0.71978283555243,0.728944094607136,0.730903884286117,0.723601684104652,0.726337284877752,0.733916409640789,0.703059751007615,0.705682702184571,0.73277561113087,0.73787944150319,0.735156781131097,0.732381405651741,0.732525248425051,0.735104474668075,0.728025189920817,0.749005121538289,0.742835206445028,0.737477063139213,0.729553178850372,0.742623801156981,0.728733779037068,0.730260882570765,0.73262373168746,0.732183553731065,0.728265268413203,0.730474126757902,0.732534987779494,0.730399344861551,0.725495818275361,0.732977140849727,0.731851530284148,0.74527494878666,0.728623649413752,0.727078497426018,0.732443110932337,0.732591176362818,0.73199210390352,0.733662641566284,0.73424795633609,0.729558559332896,0.72454708255935,0.730106959906143,0.728193687563417,0.734890208870332,0.728303068005621,0.728424843989844,0.746724205592187,0.72824218001351,0.728722473213029,0.732723440882595,0.731516850649656,0.734953140083655,0.733164436127475,0.726351042567245,0.707679337952739,0.728005438782436,0.729150936701143,0.730746964897051,0.727512341396656,0.727169829414185,0.736302823908794,0.728511544676598,0.740033745841534
HM031,0.808096509238288,0.691230998553536,0.741787306392871,0.780458877516925,0.726457766821874,1,0.736292267265866,0.743045658229843,0.710246236761118,0.750045734101457,0.692547309765549,0.762891533967395,0.745110673801232,0.685969840147907,0.798014438490801,0.701059369333892,0.700619395699619,0.724045539859227,0.736532209543505,0.70553756537116,0.7101991064585,0.710609793922071,0.740519010879336,0.691599323230649,0.69491356425093,0.748860393369121,0.755484652752512,0.743132563238718,0.744531761124556,0.804776547198614,0.697219066958947,0.793200132564192,0.698852486103031,0.692538864451206,0.693663453406179,0.805803878823905,0.687903749024873,0.799679050812051,0.817650543517275,0.71313153754167,0.702901878115316,0.790377422460096,0.794161740573837,0.793320273971446,0.77902555783685,0.72076535252581,0.743740557763975,0.784269553184299,0.704466508811936,0.748644492994407,0.753485633226264,0.804537354102087,0.799939152872313,0.801004352197396,0.807981543991438,0.794955736336741,0.793439053231225,0.69386906956746,0.721100032160302,0.792522191766118,0.788226319168316,0.791713621025237,0.734239987773364,0.698392625115629,0.786921722424584,0.778857809375361,0.720117991938539,0.680245074849323,0.736764932439528,0.737384777647814,0.752823970090511,0.694331246205568,0.789277965126028,0.785489356247741,0.789179822400488,0.706914628360537,0.789919468479158,0.752794070953445,0.786098917242594,0.749145967587156
HM032,0.739033384736239,0.705402576556434,0.734335065667087,0.740762290418287,0.826717746288863,0.736292267265866,1,0.736413157854231,0.718630458788977,0.747353517725421,0.704467394207795,0.741706667262379,0.739547731622621,0.727879644463163,0.73587783389674,0.731185644491224,0.721528972400032,0.721896003037044,0.727332061178402,0.724692832339125,0.718073068042399,0.724269749333535,0.736896992637184,0.703327481093734,0.706914832682658,0.736876560425066,0.739890720356708,0.738417149218761,0.737012638957772,0.736912521118394,0.723517435283352,0.731467268481583,0.738911540644642,0.731888785017576,0.730222333797235,0.734016323158046,0.732120350088247,0.735691696444346,0.739496310555458,0.729564144137542,0.719064234652242,0.734271862024268,0.734604226008054,0.738223928599499,0.734754198445,0.72621278459858,0.733659372412345,0.73585004608826,0.73269939897967,0.725242595059845,0.727239162720639,0.737478629608809,0.736890590544054,0.735664930246471,0.735395225046514,0.738172507532335,0.733478070583485,0.713046403324512,0.723560819680416,0.73587545013866,0.739357303405682,0.735863054596642,0.728827154246447,0.738497856456627,0.736473160450484,0.735216443190482,0.726277418496246,0.722593082007135,0.738103991514366,0.73851106928713,0.723956455414393,0.708493834035134,0.7351272225309,0.736769631848316,0.736539837569362,0.721376207560763,0.734297334182042,0.740278728064828,0.734908802183359,0.744817267235218
HM038,0.748813058744381,0.70131136661668,0.727077952567028,0.753797633105305,0.735885666244719,0.743045658229843,0.736413157854231,1,0.722930758366071,0.737092324585032,0.699604663938467,0.741299248952747,0.731855821048693,0.726105447377587,0.74648392277768,0.770786268300281,0.740209599080496,0.743130383802759,0.791226312766223,0.735456794112363,0.720542368984229,0.72790845388225,0.728194641066649,0.697656043868777,0.702797060867151,0.728947363761074,0.733961428614823,0.730883383966625,0.729296890803039,0.749553385896788,0.734526719816753,0.741395825208691,0.753579961938875,0.734578890065028,0.737386957083773,0.750267151173442,0.733730135973647,0.747443759995608,0.746044970754013,0.738872515119496,0.734478567903528,0.743564432095518,0.745724661775377,0.751075517592203,0.743926218464754,0.71744968125068,0.727514316510494,0.743237516701631,0.743330006515151,0.741083144255913,0.741054607266321,0.74210584457979,0.743592900977736,0.743106341899833,0.744604704121817,0.742133768603018,0.741323903822036,0.729165784108615,0.74849084275928,0.749790603879478,0.749948953523392,0.745850183665155,0.786888281704085,0.753033468372094,0.74465830462494,0.747418968911572,0.73982642699591,0.735386098658435,0.728365863004197,0.725963102966498,0.762988246438086,0.70403416320352,0.746212242463885,0.747021017526888,0.746611555996044,0.736216531866282,0.751376620291448,0.750081831009532,0.745753947946079,0.740200813229285
HM046,0.713828480297014,0.708181357404477,0.706241999937614,0.723657668365855,0.724103771663764,0.710246236761118,0.718630458788977,0.722930758366071,1,0.710191001681026,0.70253586908891,0.714222617668769,0.711405764798813,0.721283445317747,0.713877381391349,0.717901846104851,0.71185091459349,0.726694167516079,0.714041996913646,0.715566171830273,0.86360871823421,0.784305718199748,0.706791626443587,0.701757742344084,0.705525442258637,0.705665402911645,0.709596424308393,0.711272410561056,0.70822637637851,0.712873751132115,0.714385189969854,0.710818474915169,0.72547204880193,0.716343276964493,0.717057995744379,0.712096237353653,0.717732122529524,0.712523202479544,0.709116880289985,0.713393955252638,0.711717219818864,0.722538187463912,0.715975769575864,0.71788502358354,0.716140316990787,0.705912428356151,0.705514817508335,0.709431059604985,0.715117752881657,0.711321175440644,0.70961828677536,0.708478918520288,0.708778727179433,0.710809552849211,0.711189455779857,0.713292339051038,0.709143850809981,0.710390215749176,0.713935749410633,0.71236723659371,0.722804351080435,0.716451363366597,0.716102108754127,0.724693172875993,0.720585072307555,0.718283451719841,0.713589968274223,0.721428990775401,0.711192180074806,0.706547733938272,0.710995622194232,0.710292822204747,0.717144424001638,0.717953607708883,0.714738531024748,0.722375615162826,0.717284112225151,0.742027589207379,0.72578731783491,0.718510521703845
HM051,0.755171563155491,0.721718242791618,0.776577302073502,0.757638207909745,0.738154595293045,0.750045734101457,0.747353517725421,0.737092324585032,0.710191001681026,1,0.724960221888375,0.772722084183711,0.777448122953969,0.697969746432161,0.750002622133888,0.707245493982101,0.703506126735018,0.72768036228764,0.729552906420877,0.709128390436145,0.709971695937627,0.716802865522399,0.784517532132037,0.723557686741224,0.726296692883011,0.782295597171582,0.77778661660139,0.77677849125549,0.773175338755861,0.749676796457981,0.697741246193309,0.739854827770754,0.711904787526107,0.698602804470949,0.701315112522235,0.74887353809225,0.700615649794064,0.747837011971506,0.752725759257597,0.70948268499427,0.701170248138319,0.75269272718134,0.753951351447806,0.755593488335727,0.753789800757327,0.762842700980433,0.768787248774033,0.739689939818962,0.710773728370631,0.724316470991912,0.725608535978878,0.743466766121594,0.743562797518549,0.744572148797176,0.746478201758287,0.74490996137086,0.741869171456091,0.693288999065431,0.715146834730238,0.75214207906476,0.755890232163053,0.751985568319937,0.730700651882917,0.711726754851186,0.752757088649511,0.75554894611331,0.712713835018605,0.69498684778506,0.775787665182516,0.782753755474641,0.733705889748601,0.725107538137746,0.753577510073421,0.752832211082732,0.757496748894515,0.712623047889427,0.754309596233608,0.749503190762352,0.753080121923096,0.773765080504959
HM052,0.695816123167554,0.831891182397132,0.737014545964236,0.704432591339821,0.703206931042238,0.692547309765549,0.704467394207795,0.699604663938467,0.70253586908891,0.724960221888375,1,0.715007214614099,0.736143180224779,0.689851756128199,0.693140456883333,0.686809195421713,0.681781781522715,0.719133023099706,0.689609293877733,0.683541539845061,0.702593351712335,0.711607907484033,0.734586381876137,0.905677076515501,0.847179244577529,0.724338401566252,0.728680110426571,0.733139917472933,0.730934600711668,0.692021180303511,0.68055462286291,0.691785869327286,0.689757359308214,0.680582138241895,0.682890433352235,0.695571753910623,0.6816729459395,0.692678756996841,0.692630128332,0.682444330054326,0.682234082591633,0.697659925989079,0.702152833219072,0.6971761593135,0.698777704206679,0.756965988131064,0.730638810387573,0.692155351829752,0.688150502039884,0.690249843727631,0.688712455980502,0.690848779972182,0.691221599735961,0.692733855862185,0.692435954209506,0.693611487480026,0.691075509419318,0.674949726542084,0.682994297097168,0.695879939776736,0.699580145283925,0.698858411444545,0.69416077344913,0.689463135453716,0.695811423758767,0.698781994971224,0.68467702597983,0.687183785977209,0.738117340559617,0.731356525891903,0.68617184661838,0.82454811779143,0.698048750985684,0.697604895231108,0.705325410902002,0.705391134517648,0.695928500334203,0.731436892592901,0.697976080417918,0.730710595559481
HM054,0.765949895584585,0.714599455767598,0.772494605555464,0.766014529482252,0.736493660769976,0.762891533967395,0.741706667262379,0.741299248952747,0.714222617668769,0.772722084183711,0.715007214614099,1,0.769919193325368,0.698627186910744,0.758806249369155,0.705592187484889,0.704291064217217,0.727404595531421,0.734605179511286,0.709682716350905,0.716097341237966,0.719885609579384,0.776441564077665,0.713545834696048,0.717793555380626,0.777929029119853,0.778652193214081,0.773158107590308,0.772016355577156,0.762101828969036,0.702432141558724,0.751887698023892,0.709257930660973,0.701048472154096,0.70362769839712,0.764324172573733,0.698867810262119,0.760494835485958,0.764526792010569,0.713162458289342,0.703065199597513,0.764446357202198,0.771018037693073,0.77409260886521,0.766352137733814,0.752770369587388,0.771821091736682,0.751364429071551,0.714491233150747,0.731342904417158,0.732962838301244,0.756414045974384,0.754844852083725,0.755657373052282,0.761913171543813,0.757187064666181,0.75275688432739,0.695385003491865,0.720270348133565,0.763168594763714,0.768803866973222,0.765470487780924,0.733483859710252,0.708933603347287,0.76723188068024,0.765138123797139,0.718452358006682,0.695977197106417,0.776004042308845,0.770370268461559,0.73900416667291,0.71605300333767,0.767277376405889,0.766156124712229,0.770916830135715,0.714207021080186,0.768828385627764,0.752510744278742,0.767133329310458,0.778144997601939
HM055,0.747992501105723,0.733887395899582,0.786233837949946,0.754614921590024,0.734473527957873,0.745110673801232,0.739547731622621,0.731855821048693,0.711405764798813,0.777448122953969,0.736143180224779,0.769919193325368,1,0.69858380251368,0.744019934211001,0.701885307455074,0.699800949389547,0.725785887580062,0.724507920819457,0.704552255995458,0.709807557166946,0.717980305799384,0.781643809605019,0.736051848236612,0.736106334135593,0.786888894670448,0.783854030097193,0.785028882293976,0.782495151776601,0.743826236840123,0.696970406937472,0.73617226207336,0.706156525183587,0.695568893400927,0.697239975922681,0.744143072342699,0.695808495141697,0.741866038516899,0.746092918345116,0.704138571807443,0.700787757127471,0.74919391517826,0.751824630595821,0.752996281746039,0.749632662879806,0.768038067663041,0.777206546099361,0.735830431164627,0.709258475519962,0.720826512947416,0.723164707194822,0.739668009244623,0.739759000695921,0.738887362526969,0.742289598274105,0.739590366838574,0.736787407872858,0.692975432716794,0.711964313370744,0.746082157380067,0.750900685963847,0.749434129885393,0.725699255000682,0.705686039445884,0.749689668751615,0.749698658924947,0.710902996165964,0.694486394802917,0.776710928740753,0.782826221720286,0.726915175943822,0.734122502553686,0.750610616659145,0.750019512762573,0.755814360548722,0.71349250662242,0.749944049792484,0.749629325618493,0.751369400909833,0.774805624960753
HM056,0.691921811645244,0.695823478763917,0.697475695543149,0.69932051997528,0.741095812227426,0.685969840147907,0.727879644463163,0.726105447377587,0.721283445317747,0.697969746432161,0.689851756128199,0.698627186910744,0.69858380251368,1,0.69879289215102,0.767391592471629,0.753164643173891,0.71902929556952,0.711195857872988,0.74564667883246,0.717103559577402,0.726338647025227,0.696537720792187,0.690084206594728,0.692276446740238,0.693064517161628,0.695562831844665,0.698725193421536,0.696714255104886,0.689000141527123,0.753543592601305,0.700104163417377,0.798472596793859,0.79714593326104,0.782501213332863,0.691965536579176,0.79750799205977,0.697547685037178,0.685777368709756,0.751231892122279,0.750372308958476,0.686229669778674,0.689445699966042,0.687798523132465,0.689548814529864,0.696597314744198,0.697116701576236,0.705985711890281,0.764778040112246,0.715186064577505,0.713366303658905,0.693169811161409,0.694908864842143,0.690256450142883,0.692437929323344,0.695940827768847,0.701817336296095,0.751905405941061,0.737447436431642,0.689291709194046,0.694512071282812,0.689738221136197,0.713911162648718,0.795106730384293,0.689722692654988,0.689539483819663,0.743114582892054,0.759233555031916,0.701918748175574,0.697004460624335,0.705961601879981,0.696240568320618,0.689306829031013,0.688386902734089,0.690048177794027,0.740906201298971,0.689203373930323,0.724293450699592,0.688154520374934,0.710378296958774
HM057,0.801355037064714,0.693522062498323,0.740630366435379,0.781220249847814,0.729981301801617,0.798014438490801,0.73587783389674,0.74648392277768,0.713877381391349,0.750002622133888,0.693140456883333,0.758806249369155,0.744019934211001,0.69879289215102,1,0.709978779104494,0.706435152449502,0.720356367746582,0.743938137255156,0.71793344792626,0.717158249798504,0.714088650464649,0.741247827885583,0.692773017602078,0.696476696585328,0.746712763553401,0.753494759614343,0.742790051256247,0.742714724500906,0.805805717722996,0.710444361111289,0.782615906150218,0.710163145765172,0.702149427850386,0.707602104190933,0.789897469797445,0.69804173592619,0.804892602163444,0.800826864381464,0.721400794322678,0.715935926762234,0.785176402865468,0.790495588753511,0.793249510410144,0.778998110565238,0.722224280578406,0.741555060248464,0.78589561673202,0.717964096244437,0.757078433405087,0.760697999781784,0.793344247766998,0.796435096601456,0.794669208615474,0.806248824296461,0.794888923003116,0.786906943124486,0.704380693521041,0.730090682243822,0.791316486929037,0.783152796577305,0.78805550587501,0.740467521704798,0.709571973761226,0.785367580263518,0.776191473801341,0.733792386113233,0.690269867295507,0.738944436506152,0.73687553881446,0.758836420935716,0.69505556812515,0.783941003213442,0.784481980082952,0.78404622910585,0.711261581488634,0.787386078498652,0.752916323689284,0.783305765738695,0.74786616192746
HM058,0.701339631176777,0.689423088317965,0.698322610735438,0.709927766681573,0.740052066725067,0.701059369333892,0.731185644491224,0.770786268300281,0.717901846104851,0.707245493982101,0.686809195421713,0.705592187484889,0.701885307455074,0.767391592471629,0.709978779104494,1,0.767431162855764,0.718681062567656,0.724035800504785,0.762700697106213,0.715150035776803,0.727253533376495,0.701023340533191,0.685075113579262,0.688381999003181,0.698139810544356,0.699991650035981,0.70199891055445,0.699588045739278,0.703442514447958,0.771005710258428,0.716049393646862,0.803624987723646,0.781077292470362,0.785958547945344,0.705762115382336,0.789015070663443,0.710712363626903,0.699026909087145,0.779424054080524,0.761737045875356,0.699239880844787,0.698460051415619,0.699621214030282,0.69646082756725,0.693779644585757,0.699030314455831,0.709324675887225,0.784432534129627,0.729715206292468,0.728241430832399,0.708626302877033,0.708740450835398,0.703881125934757,0.705303344112914,0.703667268781255,0.709281155275413,0.765663844614934,0.744964515377215,0.703820714694261,0.704959265660848,0.699804150436112,0.726207336008682,0.802670803417737,0.698178018781017,0.700401179674199,0.750527048911583,0.766291181634329,0.704851383580865,0.699502026126261,0.724071148231749,0.692422945701124,0.699507610930907,0.699292595952052,0.699162102223992,0.741482049143829,0.699015535155732,0.726034343279416,0.698265672971003,0.715431114908173
HM063,0.698677450152554,0.68369267010736,0.694719730665304,0.707121879098787,0.725387595658509,0.700619395699619,0.721528972400032,0.740209599080496,0.71185091459349,0.703506126735018,0.681781781522715,0.704291064217217,0.699800949389547,0.753164643173891,0.706435152449502,0.767431162855764,1,0.726483443301769,0.726627694719322,0.78042863784299,0.708726693145906,0.717995153206856,0.697855530366422,0.680159940632164,0.683184180455118,0.696044010440043,0.699293140811042,0.700436936045405,0.697773392873708,0.702909778570669,0.777733901494126,0.713791089348838,0.770686218568277,0.762055447847528,0.763460639182254,0.70534366367816,0.764152065240326,0.707980576866731,0.696137385649422,0.756085972755144,0.780764066658594,0.699496781858484,0.696041831004084,0.699931783654476,0.696372287981405,0.691662731195588,0.695517063689521,0.701005496401275,0.761544097685589,0.725264116989943,0.727717957557937,0.700267348684826,0.700019574059209,0.698213911366971,0.69982001945419,0.698011496252256,0.702819944944723,0.780903959204228,0.776230703648607,0.704330294064483,0.703373453570999,0.698953761767762,0.727814533813881,0.769990706067781,0.700815953580194,0.697948088287316,0.762669776358541,0.765008719787058,0.700550675359529,0.698016740520032,0.736494069414218,0.688124280700999,0.70045566557318,0.700672178914257,0.698130139297287,0.748371791070006,0.699544729449588,0.718287129518022,0.699139626790662,0.710751593474169
HM064,0.719722015667693,0.723893796630565,0.720016648166434,0.732887239116408,0.71978283555243,0.724045539859227,0.721896003037044,0.743130383802759,0.726694167516079,0.72768036228764,0.719133023099706,0.727404595531421,0.725785887580062,0.71902929556952,0.720356367746582,0.718681062567656,0.726483443301769,1,0.730364678208324,0.720306513149014,0.724059638085589,0.733233973756049,0.722942949585968,0.718467273521529,0.721478028084484,0.720211707684787,0.723799195488459,0.723477864899217,0.722912573697286,0.721601779182545,0.713314746376994,0.728803793417259,0.717948703977975,0.711779333743703,0.714276422494013,0.729409336077062,0.712777379198292,0.721940204722593,0.717176911218905,0.711178490492687,0.716876693915519,0.719965431421391,0.719333394993209,0.723381220535899,0.721141373336154,0.718708101195026,0.721094992214646,0.718804609343596,0.714413863174193,0.721307555328047,0.718778660434206,0.71531519615809,0.713268297148113,0.719014652484169,0.717206401711729,0.713902785441749,0.71666324540626,0.71092833210899,0.722597304664306,0.724558252168641,0.725357764628817,0.7214022926849,0.735267728042898,0.717587734897224,0.718277117734084,0.721471489776606,0.727255508490333,0.71618111330765,0.724213015891221,0.721064888755459,0.735831861419475,0.727924799651944,0.722079824838732,0.720561915800488,0.722931371332435,0.74866921597107,0.722997299270202,0.760108394247433,0.721451942960347,0.730766239283816
HM065,0.744412164576292,0.691555734511464,0.722335704241823,0.747606468511441,0.728944094607136,0.736532209543505,0.727332061178402,0.791226312766223,0.714041996913646,0.729552906420877,0.689609293877733,0.734605179511286,0.724507920819457,0.711195857872988,0.743938137255156,0.724035800504785,0.726627694719322,0.730364678208324,1,0.727302093933962,0.711836543937633,0.719035765770024,0.722026360550357,0.688679696333739,0.693898219523415,0.724489395613803,0.728563987354368,0.723840877201179,0.723421880638013,0.744225550372282,0.725934361654786,0.738189943020009,0.72771748080632,0.712070833303253,0.723083795634835,0.741529451875943,0.716089713212109,0.739421732981227,0.740796820856766,0.722010014780662,0.726380533060068,0.739436920925568,0.740674568120927,0.747519018643576,0.74162425734017,0.709312688989449,0.723065338536555,0.739818049788942,0.728423686164491,0.7455081484343,0.739672368116541,0.737586034937176,0.742188050179878,0.739482552865965,0.743306509471216,0.737669534577365,0.73695393040162,0.723229341092489,0.746634984932606,0.748750399960552,0.743288529124552,0.742959093757837,0.927016683173624,0.726345798299468,0.738482396082791,0.742440387999535,0.733148022250407,0.744319402333277,0.721906491572598,0.71856344113323,0.767744661097027,0.69310531347849,0.742088681521611,0.740690232816884,0.742475599511752,0.729898551342539,0.748413608997474,0.734074623069956,0.742672974680811,0.731024366230239
HM068,0.708496626437457,0.684082652929319,0.698858751981414,0.716066965349284,0.730903884286117,0.70553756537116,0.724692832339125,0.735456794112363,0.715566171830273,0.709128390436145,0.683541539845061,0.709682716350905,0.704552255995458,0.74564667883246,0.71793344792626,0.762700697106213,0.78042863784299,0.720306513149014,0.727302093933962,1,0.71351791067282,0.71850677579829,0.700565114122759,0.68194271924683,0.684801185722134,0.701923720013856,0.704766658007949,0.702721257360194,0.700820925418476,0.711926922422568,0.778931773983228,0.715340668315864,0.767225138050241,0.764091994536699,0.762145758225089,0.711165618199053,0.760029798338153,0.716507483842547,0.707245970733717,0.753935278107607,0.773711139464968,0.711898725969846,0.708398415604544,0.712632174277507,0.707047301524556,0.692955000504676,0.699934644164172,0.70833017201607,0.763478210884675,0.719820703252222,0.724452208987749,0.707048663672031,0.705945869076651,0.705860462429998,0.708515015428363,0.70597747089806,0.708778931501554,0.76698989518139,0.759436242576126,0.717460169786234,0.715701160644999,0.710043140572666,0.728298913455824,0.766802327474147,0.708297684798802,0.710810710674564,0.775887101948157,0.752688504524168,0.704159412663803,0.70108089126399,0.741146347898731,0.687455330076257,0.710410239317052,0.709528861793657,0.710227643448091,0.737112552475029,0.710515737638954,0.72446228887906,0.707512202457614,0.714349024954406
HM070,0.716429092255388,0.707227173098568,0.70900988360586,0.723668293116156,0.723601684104652,0.7101991064585,0.718073068042399,0.720542368984229,0.86360871823421,0.709971695937627,0.702593351712335,0.716097341237966,0.709807557166946,0.717103559577402,0.717158249798504,0.715150035776803,0.708726693145906,0.724059638085589,0.711836543937633,0.71351791067282,1,0.781065578002081,0.707787492462216,0.701233451781137,0.705873743367874,0.706704312790469,0.7117915249636,0.711366671166294,0.7085986512833,0.714759099451613,0.71218409586576,0.711845397896218,0.722255882399815,0.714230177587253,0.715092416938631,0.712055372929417,0.713963196682245,0.715281551115469,0.711409783133863,0.711390508747098,0.710141760049822,0.724155328945675,0.720709640694101,0.720482502602723,0.720246374338013,0.706086102159154,0.707086599479196,0.709953034517226,0.715049236863688,0.711177468882081,0.70851971483715,0.710688049294482,0.709766828957457,0.713056006464207,0.712136420704151,0.714650263868398,0.711134356914513,0.709398572387718,0.711378181312454,0.712922039260087,0.722509718581694,0.717275190159193,0.713653376239163,0.721899817049973,0.722807143482758,0.720921658948512,0.712876339212316,0.717123515037904,0.711548109209901,0.704930047597519,0.709264605183598,0.707828561208574,0.716962577313788,0.720398798640413,0.716815397279165,0.719354644493812,0.720547817574127,0.742258336989564,0.726492365367727,0.71908303228739
HM071,0.711071766238058,0.715768655052362,0.713207613478122,0.723875203317537,0.726337284877752,0.710609793922071,0.724269749333535,0.72790845388225,0.784305718199748,0.716802865522399,0.711607907484033,0.719885609579384,0.717980305799384,0.726338647025227,0.714088650464649,0.727253533376495,0.717995153206856,0.733233973756049,0.719035765770024,0.71850677579829,0.781065578002081,1,0.714353588148445,0.70974823564443,0.71292721542049,0.712277811612008,0.714648356861934,0.716776984720383,0.713363443149209,0.710166483026485,0.718541646773638,0.708941299480518,0.733896386072914,0.725494728557381,0.725261937553984,0.71169740057311,0.725886754600551,0.712832409956263,0.707878279591394,0.717720408061243,0.716868725352793,0.7171852203185,0.712768865776576,0.715783911104076,0.717221453441323,0.712991508781288,0.711673631099679,0.707913763533105,0.72154777003518,0.711365172804072,0.709441071388923,0.706239275642665,0.707313601355827,0.707749488547677,0.708987135743036,0.710175064555574,0.707884545469777,0.714430345158635,0.713752676790056,0.711234747183386,0.719028614495783,0.714363191288141,0.720728370221876,0.733549174681656,0.716822276123911,0.718342432705488,0.717363525422916,0.726407639794812,0.718918144335598,0.71384230609388,0.711657353437359,0.718173390203898,0.714882714334927,0.7150085086542,0.712729499714562,0.727909747922351,0.714355767584404,0.743838291845273,0.71811529461411,0.726419831014709
HM081,0.746305481458517,0.729429359644937,0.792184242977687,0.749097679459184,0.733916409640789,0.740519010879336,0.736896992637184,0.728194641066649,0.706791626443587,0.784517532132037,0.734586381876137,0.776441564077665,0.781643809605019,0.696537720792187,0.741247827885583,0.701023340533191,0.697855530366422,0.722942949585968,0.722026360550357,0.700565114122759,0.707787492462216,0.714353588148445,1,0.732723304667848,0.735877629574619,0.79380833141157,0.7847869649025,0.786258492819235,0.782545687447906,0.740040829008402,0.696641175892877,0.735230609524217,0.704824481168243,0.696460555137755,0.697086461902302,0.740856346701403,0.696621969613487,0.739383252315072,0.744401948470233,0.704114461797144,0.699118036753191,0.746897606965695,0.749596429756983,0.747425234789955,0.748778460198528,0.783790077273264,0.779330134012155,0.734632694890271,0.709419481351452,0.72020482884004,0.722507198608866,0.738303409904637,0.738014770854784,0.737483260910222,0.740520985993174,0.740111660677077,0.73706651189039,0.691528151025105,0.707343228063398,0.743022501722776,0.748055432319047,0.744908803545506,0.722387057201612,0.704439129647698,0.746131875762888,0.748038337368241,0.707061195428797,0.693704930796779,0.788760757729949,0.806384698507046,0.723212995322794,0.72850555122771,0.746886096819535,0.746757441990566,0.751714160435637,0.711100303227649,0.74630207608983,0.744273089319143,0.744452007389922,0.781614046682701
HM082,0.697955580098426,0.831953364429344,0.734499272545141,0.703518658491784,0.703059751007615,0.691599323230649,0.703327481093734,0.697656043868777,0.701757742344084,0.723557686741224,0.905677076515501,0.713545834696048,0.736051848236612,0.690084206594728,0.692773017602078,0.685075113579262,0.680159940632164,0.718467273521529,0.688679696333739,0.68194271924683,0.701233451781137,0.70974823564443,0.732723304667848,1,0.849657195155822,0.723385511300444,0.727649032895725,0.732369554968712,0.731481571030066,0.689819337018305,0.67882203938268,0.691420064623001,0.687218929382052,0.677598558521057,0.681054871522931,0.692769884662887,0.679792024599294,0.690848779972182,0.69022260077814,0.680827801538927,0.681109697958781,0.695746176894737,0.699278089081448,0.695810402148161,0.697965115130748,0.756252972035521,0.731210708004755,0.691386215258258,0.687787557845295,0.688815979188566,0.687818546700341,0.690215040859657,0.691027289398719,0.691370686777049,0.692137984449452,0.693411319908643,0.689852232879815,0.673084333683087,0.681055484489295,0.693926552190885,0.699513059520805,0.698503640134804,0.692660980972298,0.68663770105467,0.695206017313712,0.696602899548843,0.683847546275214,0.686663377534565,0.737625537213937,0.729856869629819,0.684553411096516,0.825344497312415,0.697129369547749,0.695730375984032,0.70486207643854,0.703395792789581,0.695223520908759,0.73007127164231,0.69686967613173,0.729419756505242
HM083,0.698010747071145,0.83173855377261,0.736195009936185,0.706756483038744,0.705682702184571,0.69491356425093,0.706914832682658,0.702797060867151,0.705525442258637,0.726296692883011,0.847179244577529,0.717793555380626,0.736106334135593,0.692276446740238,0.696476696585328,0.688381999003181,0.683184180455118,0.721478028084484,0.693898219523415,0.684801185722134,0.705873743367874,0.71292721542049,0.735877629574619,0.849657195155822,1,0.726225043925851,0.730486386085173,0.732613515581401,0.732044410366542,0.694487280198775,0.681454661806706,0.695359803763586,0.690653584239082,0.682450936469578,0.685639723707455,0.697993584012966,0.682258873675669,0.694304956759309,0.694869975531745,0.683900397597226,0.685305520824579,0.699616718943617,0.704435043205275,0.700902790481695,0.702403945106002,0.756618163773443,0.730518328443451,0.695753941135342,0.692043587629467,0.692438337967586,0.689977959091715,0.694384982923438,0.694022515480466,0.695740592090091,0.695931020307031,0.696193097481131,0.693886096410891,0.677215999402835,0.684686424797404,0.697490747272742,0.703187997192342,0.701311298509307,0.698241562960704,0.69023867411834,0.698192798081116,0.701165957373774,0.687616472122494,0.689153655547502,0.74004866135638,0.731168617647792,0.68912968175195,0.824724992640998,0.699354437447396,0.699691773269463,0.708254913368102,0.706786450283184,0.699690411121989,0.733797698488384,0.700472283772369,0.73129870273161
HM085,0.754024907411431,0.722389372852319,0.793742131044308,0.755484244108269,0.73277561113087,0.748860393369121,0.736876560425066,0.728947363761074,0.705665402911645,0.782295597171582,0.724338401566252,0.777929029119853,0.786888894670448,0.693064517161628,0.746712763553401,0.698139810544356,0.696044010440043,0.720211707684787,0.724489395613803,0.701923720013856,0.706704312790469,0.712277811612008,0.79380833141157,0.723385511300444,0.726225043925851,1,0.787129722343945,0.785872460224953,0.785248324252123,0.747932975261086,0.694824207376601,0.741649184638954,0.701358769348794,0.692853043766207,0.694967096646679,0.746424805577286,0.693130376992022,0.744491032915068,0.752440253146935,0.703956044045856,0.697258024376719,0.754257017341091,0.757393634330693,0.756293087278646,0.757293925135557,0.775039914326372,0.783958983560106,0.741267442809217,0.709112180881198,0.723776107088765,0.724538296708139,0.745775606090924,0.744574192018388,0.745086359468812,0.745596075053781,0.74612186397895,0.743417252060895,0.68992980717849,0.708509226301597,0.747825569932719,0.754784168413734,0.752282925113627,0.724023949821756,0.700737630100408,0.75266677827195,0.753869418277213,0.707513837034583,0.689274682350614,0.784558668985768,0.792043737465689,0.726986688686235,0.719407904460066,0.755014575659051,0.755567948070579,0.756784073335841,0.705954791142609,0.75347405497273,0.746202571216816,0.75202309548286,0.779111781771988
HM086,0.759165788195058,0.725726225520677,0.787648155672752,0.760319731428107,0.73787944150319,0.755484652752512,0.739890720356708,0.733961428614823,0.709596424308393,0.77778661660139,0.728680110426571,0.778652193214081,0.783854030097193,0.695562831844665,0.753494759614343,0.699991650035981,0.699293140811042,0.723799195488459,0.728563987354368,0.704766658007949,0.7117915249636,0.714648356861934,0.7847869649025,0.727649032895725,0.730486386085173,0.787129722343945,1,0.790028644599242,0.785022752630341,0.753337022936793,0.694936856972744,0.745544653986617,0.704811404552488,0.695074297652924,0.696911970810814,0.755223188544776,0.693934044001995,0.75210734430416,0.756945419704199,0.707243178331394,0.700192362466353,0.758597500268684,0.763184940533409,0.763488358883361,0.759003420216094,0.762726509800855,0.781554929482306,0.746145292915512,0.710568588960966,0.727409090618087,0.728874556978561,0.752238859642826,0.753065546945119,0.752971694984124,0.753643369903815,0.75295262491948,0.74587933362111,0.691851661050306,0.713766979338538,0.756085223574033,0.757953340727978,0.760570230348673,0.727771626168433,0.704330838923473,0.760112685011978,0.757314697884544,0.712969646314322,0.690910485252778,0.775595602388607,0.777280919351471,0.734320218259614,0.726593913461954,0.759893379268579,0.759106534779916,0.766006220382657,0.712730112680926,0.760982620496587,0.750411062054127,0.760221180058324,0.774112700540459
